         V1                 V2                V3                   V4                  V5
1   Subject           Activity                V1                   V2                  V3
2         1             LAYING     0.22159824394     -0.0405139534294      -0.11320355358
3         1            SITTING 0.261237565425532 -0.00130828765170213  -0.104544182255319
4         1           STANDING 0.278917629056604  -0.0161375901037736  -0.110601817735849
5         1            WALKING 0.277330758736842  -0.0173838185273684  -0.111148103547368
6         1 WALKING_DOWNSTAIRS 0.289188320408163 -0.00991850461020408  -0.107566190908163
7         1   WALKING_UPSTAIRS 0.255461689622641  -0.0239531492643396 -0.0973020020943396
8         2             LAYING 0.281373403958333  -0.0181587397583333  -0.107245610416667
9         2            SITTING  0.27708735173913  -0.0156879937282609  -0.109218272456522
10        2           STANDING 0.277911472222222  -0.0184208270166667  -0.105908536055556
11        2            WALKING 0.276426586440678  -0.0185949199145763  -0.105500357966102
12        2 WALKING_DOWNSTAIRS  0.27761534806383  -0.0226614158361702  -0.116812942382979
13        2   WALKING_UPSTAIRS 0.247164790395833  -0.0214121132045833  -0.152513899520833
14        3             LAYING 0.275516852741935  -0.0189556785048387  -0.101300477506452
                      V6                   V7                   V8                 V9
1                     V4                   V5                   V6                V41
2          -0.9280564692       -0.83682740562      -0.826061401628     -0.24888179828
3     -0.977229008297872   -0.922618641914894    -0.93958629106383  0.831509933404255
4     -0.995759901509434   -0.973190056415094   -0.979775876981132  0.942952000377358
5     -0.283740258842105    0.114461336747368   -0.260027902210526  0.935223201473684
6     0.0300353383483878  -0.0319359434489796   -0.230434213204082  0.931874418979592
7      -0.35470802509434 -0.00232026501698113  -0.0194792388471698   0.89335109754717
8     -0.974059464791667       -0.98027739875      -0.984233296875    -0.509754238125
9     -0.986822279565217   -0.950704499130435    -0.95982817173913  0.940477273043478
10    -0.987271889259259   -0.957304989259259   -0.949741851296296  0.896928566851852
11    -0.423642838474576  -0.0780912533118644   -0.425257524915254   0.91301733338983
12    0.0463666814446808    0.262881788951064    -0.10283790806383  0.861831345531915
13    -0.304376406458333    0.108027279889583   -0.112121021220833  0.790717418541667
14    -0.982776639193548   -0.962057544516129    -0.96369103483871 -0.241758478064516
                    V10                  V11                V12                V13
1                   V42                  V43                V44                V45
2         0.70554977346         0.4458177198      -0.8968300184     -0.90772000676
3     0.204411592680851    0.332043702765957 -0.968457145744681 -0.935517055957447
4    -0.272983832264151   0.0134905823226415  -0.99376298509434 -0.981225957924528
5    -0.282165021263158         -0.068102864 -0.976609642526316 -0.971305961473684
6    -0.266610338979592  -0.0621199585938775 -0.950559811632653 -0.937018658979592
7    -0.362153364339623   -0.075402939754717 -0.956367027924528 -0.952849233207547
8        0.752536639375    0.646834879583333 -0.959014441458333 -0.988211865208333
9    -0.105630024498783     0.19872676876087 -0.979988760869565 -0.956750273043478
10   -0.370062696851852    0.129747161222222 -0.986685818703704  -0.97419442037037
11          -0.34660709   0.0847270871186441 -0.972693201355932 -0.972116879661017
12   -0.325780100638298  -0.0438890162723404 -0.940361759574468 -0.940068525531915
13   -0.416214890416667   -0.195888238891667 -0.934407739791667     -0.92376745375
14    0.837032099677419     0.48870318516129 -0.982512193064516 -0.981202749677419
                   V14                V15                   V16                   V17
1                  V46                V81                   V82                   V83
2       -0.85236629022       0.0810865342       0.0038382040088        0.010834236361
3   -0.949040933191489 0.0774825199574468 -0.000619102785106384  -0.00336779235021277
4   -0.976324063584906 0.0753766542264151   0.00797573092830189  -0.00368524954709434
5   -0.947717226105263 0.0740416333157895    0.0282721095884211  -0.00416840617789474
6   -0.895939695102041 0.0541553164897959    0.0296504490408163   -0.0109719730183673
7   -0.912379410377358  0.101372729922642    0.0194863076188679   -0.0455625449113208
8      -0.984230418125 0.0825972511666667     0.012254788451875     -0.00180264895625
9   -0.954415873043478 0.0722564387173913    0.0116954511323913   0.00760546929869565
10  -0.945927078703704 0.0747588597592593    0.0103291774794444  -0.00837158846722222
11  -0.972072847627119 0.0618080696279661    0.0182492679288136   0.00789533706610169
12  -0.931438313191489  0.110040615569574  -0.00327959081489362   -0.0209351677765957
13     -0.878004056875 0.0744507839572917  -0.00970985514333333         0.01948143925
14  -0.964807543870968 0.0769811125806452    0.0138041011306452  -0.00435625874355645
                     V18                 V19                 V20                  V21
1                    V84                 V85                 V86                 V121
2           -0.958482112       -0.9241492736       -0.9548551108      -0.016553093978
3     -0.986430711276596  -0.981371965319149  -0.987910804468085   -0.045350056512766
4     -0.994604542264151   -0.98564873245283  -0.992251177358491  -0.0239877347979245
5     -0.113615602435789  0.0670025007684211  -0.502699788526316      -0.041830963526
6     -0.012283860544898  -0.101601390640816  -0.345735032326531  -0.0350781902989796
7     -0.446843887735849  -0.378274426037736  -0.706593530943396    0.050549379754717
8         -0.98587216875      -0.98317254125     -0.988442014375       -0.01847660675
9     -0.988055854130435  -0.977983955434783   -0.98751821173913  -0.0454706620434783
10    -0.981085715555556   -0.97105943962963  -0.982841446481482  -0.0238623875712963
11    -0.277530462620339 -0.0166022362847458  -0.586090418983051  -0.0530258157347458
12     0.147249143238298   0.126828014557447  -0.340122023191489    -0.11594735287234
13    -0.276121886479167  -0.185648954220833       -0.5737463525  -0.0576912634583333
14     -0.98087931483871  -0.968710724677419  -0.982093162903226  -0.0208170540330645
                     V22                   V23                 V24                 V25
1                   V122                  V123                V124                V125
2        -0.064486124088         0.14868943626      -0.87354386782       -0.9510904402
3    -0.0919241549361702    0.0629313811914894  -0.977211283191489  -0.966473895319149
4    -0.0593972209811321           0.074800751  -0.987191946603774         -0.98773444
5    -0.0695300462115789    0.0849448173042105  -0.473535485894737 -0.0546077686594737
6    -0.0909371290204082    0.0900850142030612  -0.458030542938775  -0.126349194938775
7     -0.166170015088679    0.0583595463981132  -0.544871104528302 0.00410518379811321
8     -0.111800824583333     0.144882846104167  -0.988275232916667  -0.982291608958333
9    -0.0599286797043478    0.0412277462173913  -0.985742027826087  -0.978919526956522
10   -0.0820396577592593    0.0878351695481481  -0.972998629814815  -0.971441996481481
11   -0.0482382316949153    0.0828336633220339  -0.561550255762712   -0.53845366779661
12  -0.00482329231914894     0.097173808906383  -0.320789230008511  -0.415739144893617
13   -0.0320883097395833    0.0688374021666667  -0.439253058958333  -0.466298336666667
14   -0.0718507159435484     0.137999561112903  -0.974545752096774  -0.977272653709677
                    V26                 V27                 V28                  V29
1                  V126                V161                V162                 V163
2         -0.9082846626     -0.107270949192      -0.04151728689        -0.0740501211
3    -0.941425920851064 -0.0936793807234043 -0.0402118124255319         -0.046702627
4    -0.980645626981132 -0.0996092129056604 -0.0440627877924528  -0.0489505466716981
5    -0.344266629473684 -0.0899975423705263 -0.0398428709463158  -0.0461309295021053
6    -0.124702454242857 -0.0739592036271429 -0.0439902783367347  -0.0270461061061224
7     -0.50716867490566  -0.122232768011321 -0.0421485884509434  -0.0407125527654717
8    -0.960306560416667  -0.101974134208333 -0.0358590176083333  -0.0701783020833333
9    -0.959803708695652 -0.0936328412826087 -0.0415602029130435       -0.04358509665
10   -0.964856701851852  -0.105562157888889  -0.042241953537037  -0.0546539479425926
11   -0.481085535084746 -0.0818833429152542 -0.0538299449067797  -0.0514939156830508
12   -0.279418388042553 -0.0581038498510638 -0.0421470257531915  -0.0710229816893617
13   -0.163995791679167 -0.0828858001333333 -0.0424053708458333     -0.0445157481625
14   -0.963505609032258   -0.10004449883871 -0.0389771765322581          -0.06873387
                   V30                 V31                 V32                   V33
1                 V164                V165                V166                  V201
2        -0.9186085208       -0.9679072436       -0.9577901596         -0.8419291525
3    -0.99173159212766  -0.989518068510638  -0.987935806382979    -0.948536786170213
4   -0.992945106981132  -0.995137917358491  -0.992108467169811    -0.984278207358491
5   -0.207421854757895  -0.304468510631579  -0.404255452631579    -0.136971176556842
6   -0.487027342244898  -0.238824827530612  -0.268761480242857    0.0271882914106122
7   -0.614786508490566  -0.601696656226415  -0.606332002264151    -0.129927630735849
8   -0.993235849166667  -0.989567537916667      -0.98803582125    -0.977435485208333
9   -0.989709023043478  -0.990889614782609  -0.985542325652174    -0.967893623913043
10  -0.979324000740741  -0.983447258518519  -0.973610118333333    -0.965875181296296
11  -0.389549831525424  -0.634140436101695  -0.435492677288136    -0.290407593728814
12  -0.243940592553192  -0.469396701106383  -0.218266318606383    0.0899511204978723
13     -0.464854363125  -0.645491337708333  -0.467595961041667    -0.107322679520833
14        -0.980328645  -0.986762741935484  -0.983338279516129    -0.972791346129032
                    V34                   V35                 V36                 V37
1                  V202                  V214                V215                V227
2        -0.79514486386         -0.8419291525      -0.79514486386       -0.9543962646
3    -0.927078418723404    -0.948536786170213  -0.927078418723404  -0.987364195531915
4    -0.981942928867925    -0.984278207358491  -0.981942928867925  -0.992367790566038
5    -0.219688645631579    -0.136971176556842  -0.219688645631579  -0.141428809031579
6    0.0198843506265306    0.0271882914106122  0.0198843506265306 -0.0894474807979592
7    -0.324970929245283    -0.129927630735849  -0.324970929245283  -0.466503446226415
8    -0.972873912916667    -0.977435485208333  -0.972873912916667  -0.987741696041667
9    -0.953081444130435    -0.967893623913043  -0.953081444130435  -0.986774713043478
10         -0.957874965    -0.965875181296296        -0.957874965  -0.980489077407407
11   -0.422544169322034    -0.290407593728814  -0.422544169322034  -0.281424153881356
12    0.215586334889362    0.0899511204978723   0.215586334889362 0.00565516335106383
13   -0.205977045295833    -0.107322679520833  -0.205977045295833  -0.321268911041667
14   -0.964218176451613    -0.972791346129032  -0.964218176451613  -0.979484593387097
                    V38                 V39                 V40                 V41
1                  V228                V240                V241                V253
2         -0.9282456284        -0.874759548      -0.81901016976         -0.96346103
3    -0.984120024042553         -0.93089249  -0.934531840425532  -0.991976341276596
4    -0.993096209433962  -0.976493792830189  -0.978690028679245  -0.994966790566038
5   -0.0744717500625263  -0.160979552536842  -0.186978364526316  -0.298703679084211
6   -0.0257877197081633 -0.0757412543673469  -0.225724368061224  -0.295463843346939
7    -0.478991622075472  -0.126735589969811   -0.14861931805283   -0.59488286509434
8        -0.98551807625  -0.950011569583333  -0.961164053958333  -0.991767074166667
9    -0.984475868043478  -0.946035087173913  -0.961313624130435  -0.991081493913043
10   -0.976675280185185  -0.963466341851852   -0.95394338037037  -0.983951904259259
11   -0.164150985127119  -0.446549092881356  -0.553019916271186  -0.547911950338983
12     0.22961718512766  -0.162188586930426  -0.274844110531915  -0.410872671489362
13    -0.21738939458125  -0.219713472958333  -0.377532167604167  -0.572816438541667
14   -0.976121297903226  -0.951564751451613  -0.954275110967742   -0.98671362516129
                    V42                 V43                  V44                 V45
1                  V254                V266                 V267                V268
2         -0.9358409828       -0.9390990524       -0.86706520518       -0.8826668762
3    -0.988308728510638  -0.979641238723404   -0.944084550425532  -0.959184889148936
4    -0.994733238679245  -0.995249932641509   -0.977070847735849  -0.985297098679245
5    -0.325324878894737  -0.202794306326316   0.0897127264021053  -0.331560117789474
6    -0.306510645530612  0.0382291831510204  0.00154990783591837  -0.225574471693878
7    -0.648553044339623  -0.404321784150943   -0.190976720811321  -0.433349702075472
8    -0.989718095208333  -0.976725059791667   -0.979800877916667     -0.984380981875
9    -0.989594919565217  -0.985803840652174   -0.957343498478261  -0.970162172608696
10   -0.977204427777778  -0.983946739814815   -0.959871697407407  -0.962471195740741
11   -0.557798151355932  -0.346048161016949  -0.0219048103322034  -0.453806369830508
12   -0.343187875404255   0.112841160325532    0.278345041765957        -0.131290772
13   -0.597291719166667  -0.266720933270833  0.00992445881854167  -0.281001986202083
14   -0.983139255645161  -0.980665609032258   -0.961169982903226  -0.968332141612903
                     V46                  V47                 V48                  V49
1                   V269                 V270                V271                 V345
2          -0.9244374346        -0.8336255561      -0.81289155944        -0.9570738838
3     -0.976412313191489   -0.917275006382979  -0.934469558085106   -0.986597022553191
4      -0.99602834509434   -0.972293102075472  -0.977937259622642   -0.994630797358491
5     -0.319134719578947       0.056040006846  -0.279686751494737   -0.170546964549579
6     0.0243308391387755   -0.112963739953061  -0.297927894693878  -0.0276638676122449
7     -0.337428188679245   0.0217695106566038  0.0859565543849057   -0.479875245660377
8     -0.973246482083333      -0.981025105625        -0.984792185   -0.985813630833333
9            -0.98736209   -0.950073754130435  -0.956862864130435   -0.987848793695652
10    -0.989056469814815   -0.957908842222222  -0.946433583518518   -0.980973241666667
11    -0.457651383728814    -0.16921968620339  -0.455222146440678   -0.304615322881356
12    0.0161046198595745    0.171973972957447  -0.162032894287234    0.138120681087234
13       -0.320582414375   0.0848802791083333   -0.09454497643125   -0.258639439729167
14    -0.983691129032258   -0.964094604193548   -0.96327908016129   -0.980513202258064
                     V50                 V51                  V52                  V53
1                   V346                V347                 V348                 V349
2          -0.9224626098       -0.9480609042        -0.9641607086        -0.9322178704
3     -0.981579467021277  -0.986053092340425   -0.987492994468085   -0.982513909574468
4     -0.985418704528302  -0.990752166037736   -0.995073759245283   -0.987018226792453
5    -0.0352255241130632  -0.468999224631579   -0.133586606326316       0.106739857136
6      -0.12866715764898  -0.288334735714286  -0.0863278966402041   -0.134580008877551
7      -0.41344458754717  -0.685474353962264   -0.461907025849057   -0.381777065283019
8     -0.982768250416667  -0.986197134583333   -0.987250255833333   -0.984987392916667
9     -0.977139702826087  -0.985129050217391   -0.989459107391304   -0.980804228478261
10    -0.970851337962963  -0.979775152037037   -0.983007923703704   -0.973520241111111
11   -0.0787640836610169  -0.554956709661017    -0.31431306340678  -0.0153329520084746
12    0.0962091607617021  -0.271498721106383   0.0499590624829787   0.0808333491276596
13      -0.1878421317125  -0.522728063333333   -0.365415441458333   -0.243554146666667
14    -0.968752113709677  -0.979122344354839   -0.983122615967742   -0.971044012741936
                     V54                 V55                 V56                 V57
1                   V350                V424                V425                V426
2          -0.9605869872     -0.850249174586       -0.9521914948        -0.909302721
3     -0.988339184893617  -0.976161464042553  -0.975838585319149  -0.951315544468085
4     -0.992349818113208  -0.986386786037736  -0.988984455849057  -0.980773122830189
5     -0.534713440421053  -0.339032197115789  -0.103059416434737  -0.255940940315789
6     -0.401721464285714  -0.352449631363265 -0.0557022524693878 -0.0318694271979592
7     -0.726040200754717  -0.492611667924528  -0.319474609056604  -0.453597213018868
8     -0.989345368541667       -0.9864311425  -0.983321635416667       -0.9626718875
9     -0.988570804130435  -0.982621389565217  -0.982100923695652  -0.959814822391304
10    -0.984599905185185  -0.967037112037037  -0.972576152962963  -0.960627696111111
11    -0.615898188474576  -0.429713536101695   -0.55477211220339  -0.396659907457627
12    -0.408227423191489  -0.145775970406383        -0.361913824 -0.0874944736085106
13    -0.625090981458333  -0.331643577458333  -0.488086123958333        -0.248601122
14    -0.983711904677419  -0.970167262903226  -0.978099682258065  -0.962341960806452
                   V58                 V59                 V60                  V61
1                 V427                V428                V429                 V503
2        -0.8822964508       -0.9512320494       -0.9165825082        -0.8617676481
3   -0.977904227021277  -0.962345042553192   -0.94391784106383   -0.947782922553192
4   -0.987497128679245  -0.987107727735849         -0.98234533   -0.985356361132075
5   -0.516691938736842 -0.0335081597884211  -0.436562227473684   -0.128623450629474
6   -0.495422486102041  -0.181414728657143  -0.238443565306122   0.0965845343040816
7   -0.565892490754717   0.151538905566038         -0.57170784   -0.352395944716981
8   -0.988860685833333  -0.981910616458333  -0.963174222291667   -0.975110196458333
9   -0.986808501521739  -0.977356188695652  -0.963522659782609    -0.96127374826087
10   -0.97498812462963   -0.97103605037037  -0.969754295740741   -0.964052166481482
11  -0.604053019152542  -0.533046952542373  -0.559856635084746   -0.324289427932203
12  -0.379436674361702  -0.458732747446809  -0.422987665106383    0.293424826591489
13     -0.476358845625  -0.459758488958333  -0.218072471479167    -0.14531853915625
14  -0.975986433709677  -0.977032495483871  -0.967256854193548    -0.96552427516129
                     V62                  V63                 V64                  V65
1                   V504                 V516                V517                 V529
2          -0.7983009404        -0.9333003608       -0.9218039756        -0.8621901854
3     -0.928444801702128   -0.985262126808511  -0.981606177446808   -0.958435589361702
4     -0.982313804716981    -0.99254247754717  -0.992536003396226   -0.984617623396226
5     -0.398032586842105  -0.0571194000343158  -0.103492403002105   -0.199252568986316
6     -0.186530301073469   0.0262184949326531  -0.104052260726531   -0.185720285744898
7     -0.416260101509434    -0.44265216245283  -0.533059853773585   -0.325961457396226
8     -0.975121387916667   -0.985374114791667  -0.984568489166667   -0.972112972708333
9     -0.955575602173913   -0.983874698913043  -0.984124185869565   -0.971840596086956
10    -0.960519381481482   -0.977065295555556         -0.97516046   -0.961775904814815
11    -0.577105211694915   -0.169064352813559  -0.164091969449153   -0.530704814745763
12   -0.0214787881723404    0.222247409576596   0.227480732542553   -0.320838543553191
13        -0.36672824375   -0.189511136902083    -0.2604238389625   -0.450612184791667
14    -0.968350217419355   -0.975949597903226  -0.975305377903226    -0.96458672483871
                   V66                 V67                 V68
1                 V530                V542                V543
2       -0.82431943968       -0.9423669466       -0.9326606676
3   -0.932198374893617  -0.989797547234043  -0.987049617234043
4   -0.978466072075472  -0.994815376981132  -0.994671123207547
5   -0.321017953894737  -0.319308593778947  -0.381601911789474
6   -0.398350390122449  -0.281963359177551  -0.391919876612245
7   -0.182985518264151  -0.634665082075472  -0.693930521509434
8       -0.96109837875  -0.990248702291667  -0.989492660416667
9   -0.961385745217391  -0.989861950869565  -0.989632908913043
10  -0.956788725740741  -0.977849827407407  -0.977754298148148
11  -0.651792839661017  -0.583249293389831  -0.558104554745763
12  -0.372576755361702  -0.380175306489362  -0.343698985425532
13     -0.438620401875      -0.60079849625  -0.621820202916667
14  -0.955441855806452  -0.984278251290323  -0.982568158064516
 [ reached getOption("max.print") -- omitted 167 rows ]